%%MatrixMarket matrix coordinate real general
100 100 297
1 2   1.00000000000000000000e+00
1 1   2.00000000000000000000e+00
2 3   1.00000000000000000000e+00
2 2   2.00000000000000000000e+00
3 1   0.00000000000000000000e+00
3 4   1.00000000000000000000e+00
3 3   2.00000000000000000000e+00
4 2   0.00000000000000000000e+00
4 5   1.00000000000000000000e+00
4 4   2.00000000000000000000e+00
5 3   0.00000000000000000000e+00
5 6   1.00000000000000000000e+00
5 5   2.00000000000000000000e+00
6 4   0.00000000000000000000e+00
6 7   1.00000000000000000000e+00
6 6   2.00000000000000000000e+00
7 5   0.00000000000000000000e+00
7 8   1.00000000000000000000e+00
7 7   2.00000000000000000000e+00
8 6   0.00000000000000000000e+00
8 9   1.00000000000000000000e+00
8 8   2.00000000000000000000e+00
9 7   0.00000000000000000000e+00
9 10   1.00000000000000000000e+00
9 9   2.00000000000000000000e+00
10 8   0.00000000000000000000e+00
10 11   1.00000000000000000000e+00
10 10   2.00000000000000000000e+00
11 9   0.00000000000000000000e+00
11 12   1.00000000000000000000e+00
11 11   2.00000000000000000000e+00
12 10   0.00000000000000000000e+00
12 13   1.00000000000000000000e+00
12 12   2.00000000000000000000e+00
13 11   0.00000000000000000000e+00
13 14   1.00000000000000000000e+00
13 13   2.00000000000000000000e+00
14 12   0.00000000000000000000e+00
14 15   1.00000000000000000000e+00
14 14   2.00000000000000000000e+00
15 13   0.00000000000000000000e+00
15 16   1.00000000000000000000e+00
15 15   2.00000000000000000000e+00
16 14   0.00000000000000000000e+00
16 17   1.00000000000000000000e+00
16 16   2.00000000000000000000e+00
17 15   0.00000000000000000000e+00
17 18   1.00000000000000000000e+00
17 17   2.00000000000000000000e+00
18 16   0.00000000000000000000e+00
18 19   1.00000000000000000000e+00
18 18   2.00000000000000000000e+00
19 17   0.00000000000000000000e+00
19 20   1.00000000000000000000e+00
19 19   2.00000000000000000000e+00
20 18   0.00000000000000000000e+00
20 21   1.00000000000000000000e+00
20 20   2.00000000000000000000e+00
21 19   0.00000000000000000000e+00
21 22   1.00000000000000000000e+00
21 21   2.00000000000000000000e+00
22 20   0.00000000000000000000e+00
22 23   1.00000000000000000000e+00
22 22   2.00000000000000000000e+00
23 21   0.00000000000000000000e+00
23 24   1.00000000000000000000e+00
23 23   2.00000000000000000000e+00
24 22   0.00000000000000000000e+00
24 25   1.00000000000000000000e+00
24 24   2.00000000000000000000e+00
25 23   0.00000000000000000000e+00
25 26   1.00000000000000000000e+00
25 25   2.00000000000000000000e+00
26 24   0.00000000000000000000e+00
26 27   1.00000000000000000000e+00
26 26   2.00000000000000000000e+00
27 25   0.00000000000000000000e+00
27 28   1.00000000000000000000e+00
27 27   2.00000000000000000000e+00
28 26   0.00000000000000000000e+00
28 29   1.00000000000000000000e+00
28 28   2.00000000000000000000e+00
29 27   0.00000000000000000000e+00
29 30   1.00000000000000000000e+00
29 29   2.00000000000000000000e+00
30 28   0.00000000000000000000e+00
30 31   1.00000000000000000000e+00
30 30   2.00000000000000000000e+00
31 29   0.00000000000000000000e+00
31 32   1.00000000000000000000e+00
31 31   2.00000000000000000000e+00
32 30   0.00000000000000000000e+00
32 33   1.00000000000000000000e+00
32 32   2.00000000000000000000e+00
33 31   0.00000000000000000000e+00
33 34   1.00000000000000000000e+00
33 33   2.00000000000000000000e+00
34 32   0.00000000000000000000e+00
34 35   1.00000000000000000000e+00
34 34   2.00000000000000000000e+00
35 33   0.00000000000000000000e+00
35 36   1.00000000000000000000e+00
35 35   2.00000000000000000000e+00
36 34   0.00000000000000000000e+00
36 37   1.00000000000000000000e+00
36 36   2.00000000000000000000e+00
37 35   0.00000000000000000000e+00
37 38   1.00000000000000000000e+00
37 37   2.00000000000000000000e+00
38 36   0.00000000000000000000e+00
38 39   1.00000000000000000000e+00
38 38   2.00000000000000000000e+00
39 37   0.00000000000000000000e+00
39 40   1.00000000000000000000e+00
39 39   2.00000000000000000000e+00
40 38   0.00000000000000000000e+00
40 41   1.00000000000000000000e+00
40 40   2.00000000000000000000e+00
41 39   0.00000000000000000000e+00
41 42   1.00000000000000000000e+00
41 41   2.00000000000000000000e+00
42 40   0.00000000000000000000e+00
42 43   1.00000000000000000000e+00
42 42   2.00000000000000000000e+00
43 41   0.00000000000000000000e+00
43 44   1.00000000000000000000e+00
43 43   2.00000000000000000000e+00
44 42   0.00000000000000000000e+00
44 45   1.00000000000000000000e+00
44 44   2.00000000000000000000e+00
45 43   0.00000000000000000000e+00
45 46   1.00000000000000000000e+00
45 45   2.00000000000000000000e+00
46 44   0.00000000000000000000e+00
46 47   1.00000000000000000000e+00
46 46   2.00000000000000000000e+00
47 45   0.00000000000000000000e+00
47 48   1.00000000000000000000e+00
47 47   2.00000000000000000000e+00
48 46   0.00000000000000000000e+00
48 49   1.00000000000000000000e+00
48 48   2.00000000000000000000e+00
49 47   0.00000000000000000000e+00
49 50   1.00000000000000000000e+00
49 49   2.00000000000000000000e+00
50 48   0.00000000000000000000e+00
50 51   1.00000000000000000000e+00
50 50   2.00000000000000000000e+00
51 49   0.00000000000000000000e+00
51 52   1.00000000000000000000e+00
51 51   2.00000000000000000000e+00
52 50   0.00000000000000000000e+00
52 53   1.00000000000000000000e+00
52 52   2.00000000000000000000e+00
53 51   0.00000000000000000000e+00
53 54   1.00000000000000000000e+00
53 53   2.00000000000000000000e+00
54 52   0.00000000000000000000e+00
54 55   1.00000000000000000000e+00
54 54   2.00000000000000000000e+00
55 53   0.00000000000000000000e+00
55 56   1.00000000000000000000e+00
55 55   2.00000000000000000000e+00
56 54   0.00000000000000000000e+00
56 57   1.00000000000000000000e+00
56 56   2.00000000000000000000e+00
57 55   0.00000000000000000000e+00
57 58   1.00000000000000000000e+00
57 57   2.00000000000000000000e+00
58 56   0.00000000000000000000e+00
58 59   1.00000000000000000000e+00
58 58   2.00000000000000000000e+00
59 57   0.00000000000000000000e+00
59 60   1.00000000000000000000e+00
59 59   2.00000000000000000000e+00
60 58   0.00000000000000000000e+00
60 61   1.00000000000000000000e+00
60 60   2.00000000000000000000e+00
61 59   0.00000000000000000000e+00
61 62   1.00000000000000000000e+00
61 61   2.00000000000000000000e+00
62 60   0.00000000000000000000e+00
62 63   1.00000000000000000000e+00
62 62   2.00000000000000000000e+00
63 61   0.00000000000000000000e+00
63 64   1.00000000000000000000e+00
63 63   2.00000000000000000000e+00
64 62   0.00000000000000000000e+00
64 65   1.00000000000000000000e+00
64 64   2.00000000000000000000e+00
65 63   0.00000000000000000000e+00
65 66   1.00000000000000000000e+00
65 65   2.00000000000000000000e+00
66 64   0.00000000000000000000e+00
66 67   1.00000000000000000000e+00
66 66   2.00000000000000000000e+00
67 65   0.00000000000000000000e+00
67 68   1.00000000000000000000e+00
67 67   2.00000000000000000000e+00
68 66   0.00000000000000000000e+00
68 69   1.00000000000000000000e+00
68 68   2.00000000000000000000e+00
69 67   0.00000000000000000000e+00
69 70   1.00000000000000000000e+00
69 69   2.00000000000000000000e+00
70 68   0.00000000000000000000e+00
70 71   1.00000000000000000000e+00
70 70   2.00000000000000000000e+00
71 69   0.00000000000000000000e+00
71 72   1.00000000000000000000e+00
71 71   2.00000000000000000000e+00
72 70   0.00000000000000000000e+00
72 73   1.00000000000000000000e+00
72 72   2.00000000000000000000e+00
73 71   0.00000000000000000000e+00
73 74   1.00000000000000000000e+00
73 73   2.00000000000000000000e+00
74 72   0.00000000000000000000e+00
74 75   1.00000000000000000000e+00
74 74   2.00000000000000000000e+00
75 73   0.00000000000000000000e+00
75 76   1.00000000000000000000e+00
75 75   2.00000000000000000000e+00
76 74   0.00000000000000000000e+00
76 77   1.00000000000000000000e+00
76 76   2.00000000000000000000e+00
77 75   0.00000000000000000000e+00
77 78   1.00000000000000000000e+00
77 77   2.00000000000000000000e+00
78 76   0.00000000000000000000e+00
78 79   1.00000000000000000000e+00
78 78   2.00000000000000000000e+00
79 77   0.00000000000000000000e+00
79 80   1.00000000000000000000e+00
79 79   2.00000000000000000000e+00
80 78   0.00000000000000000000e+00
80 81   1.00000000000000000000e+00
80 80   2.00000000000000000000e+00
81 79   0.00000000000000000000e+00
81 82   1.00000000000000000000e+00
81 81   2.00000000000000000000e+00
82 80   0.00000000000000000000e+00
82 83   1.00000000000000000000e+00
82 82   2.00000000000000000000e+00
83 81   0.00000000000000000000e+00
83 84   1.00000000000000000000e+00
83 83   2.00000000000000000000e+00
84 82   0.00000000000000000000e+00
84 85   1.00000000000000000000e+00
84 84   2.00000000000000000000e+00
85 83   0.00000000000000000000e+00
85 86   1.00000000000000000000e+00
85 85   2.00000000000000000000e+00
86 84   0.00000000000000000000e+00
86 87   1.00000000000000000000e+00
86 86   2.00000000000000000000e+00
87 85   0.00000000000000000000e+00
87 88   1.00000000000000000000e+00
87 87   2.00000000000000000000e+00
88 86   0.00000000000000000000e+00
88 89   1.00000000000000000000e+00
88 88   2.00000000000000000000e+00
89 87   0.00000000000000000000e+00
89 90   1.00000000000000000000e+00
89 89   2.00000000000000000000e+00
90 88   0.00000000000000000000e+00
90 91   1.00000000000000000000e+00
90 90   2.00000000000000000000e+00
91 89   0.00000000000000000000e+00
91 92   1.00000000000000000000e+00
91 91   2.00000000000000000000e+00
92 90   0.00000000000000000000e+00
92 93   1.00000000000000000000e+00
92 92   2.00000000000000000000e+00
93 91   0.00000000000000000000e+00
93 94   1.00000000000000000000e+00
93 93   2.00000000000000000000e+00
94 92   0.00000000000000000000e+00
94 95   1.00000000000000000000e+00
94 94   2.00000000000000000000e+00
95 93   0.00000000000000000000e+00
95 96   1.00000000000000000000e+00
95 95   2.00000000000000000000e+00
96 94   0.00000000000000000000e+00
96 97   1.00000000000000000000e+00
96 96   2.00000000000000000000e+00
97 95   0.00000000000000000000e+00
97 98   1.00000000000000000000e+00
97 97   2.00000000000000000000e+00
98 96   0.00000000000000000000e+00
98 99   1.00000000000000000000e+00
98 98   2.00000000000000000000e+00
99 97   0.00000000000000000000e+00
99 100   1.00000000000000000000e+00
99 99   2.00000000000000000000e+00
100 98   0.00000000000000000000e+00
100 100   2.00000000000000000000e+00
