-1.000000e+00 1.000000e-01 1.877057e-21 0.000000e+00 0.000000e+00 -1.846285e-23 3.692571e-23 -6.151706e-08 -1.999540e+00 9.999151e-01 -2.000000e+00 0.000000e+00 -2.294727e+00 4.111926e+00 9.389740e-01 1.130069e+00 9.385977e-01 2.001341e+22
-1.000000e+00 1.000000e-01 2.029726e-05 1.095758e-05 2.802634e-02 1.167817e-07 -2.159611e-07 -5.364638e-01 1.811874e+00 1.947391e+00 9.753517e-02 9.906607e-01 -4.404386e+00 5.002575e+00 1.446176e-01 1.647171e+00 1.202184e-01 6.680931e+01
-1.000000e+00 1.000000e-01 -1.530031e-06 4.135123e-06 3.353125e-02 4.245761e-08 1.343487e-08 -1.367989e+00 -1.465407e+00 1.929470e+00 -1.118072e-05 1.565577e+01 2.996664e-01 4.066757e-03 1.446300e-01 1.641711e+00 1.202252e-01 5.561961e+01
-1.000000e+00 1.000000e-01 -1.530031e-06 4.135123e-06 3.353125e-02 4.245761e-08 1.343487e-08 -1.367989e+00 -1.465407e+00 1.929470e+00 -1.118072e-05 1.565577e+01 2.996664e-01 4.066757e-03 1.446300e-01 1.641711e+00 1.202252e-01 5.561961e+01
-1.000000e+00 1.000000e-01 -1.530031e-06 4.135123e-06 3.353125e-02 4.245761e-08 1.343487e-08 -1.367989e+00 -1.465407e+00 1.929470e+00 -1.118072e-05 1.565577e+01 2.996664e-01 4.066757e-03 1.446300e-01 1.641711e+00 1.202252e-01 5.561961e+01
-1.000000e+00 1.000000e-01 -1.530031e-06 4.135123e-06 3.353125e-02 4.245761e-08 1.343487e-08 -1.367989e+00 -1.465407e+00 1.929470e+00 -1.118072e-05 1.565577e+01 2.996664e-01 4.066757e-03 1.446300e-01 1.641711e+00 1.202252e-01 5.561961e+01
-1.000000e+00 1.000000e-01 -1.530031e-06 4.135123e-06 3.353125e-02 4.245761e-08 1.343487e-08 -1.367989e+00 -1.465407e+00 1.929470e+00 -1.118072e-05 1.565577e+01 2.996664e-01 4.066757e-03 1.446300e-01 1.641711e+00 1.202252e-01 5.561961e+01
-1.000000e+00 1.000000e-01 -1.530031e-06 4.135123e-06 3.353125e-02 4.245761e-08 1.343487e-08 -1.367989e+00 -1.465407e+00 1.929470e+00 -1.118072e-05 1.565577e+01 2.996664e-01 4.066757e-03 1.446300e-01 1.641711e+00 1.202252e-01 5.561961e+01
-1.000000e+00 1.000000e-01 -1.530031e-06 4.135123e-06 3.353125e-02 4.245761e-08 1.343487e-08 -1.367989e+00 -1.465407e+00 1.929470e+00 -1.118072e-05 1.565577e+01 2.996664e-01 4.066757e-03 1.446300e-01 1.641711e+00 1.202252e-01 5.561961e+01
-1.000000e+00 1.000000e-01 -1.530031e-06 4.135123e-06 3.353125e-02 4.245761e-08 1.343487e-08 -1.367989e+00 -1.465407e+00 1.929470e+00 -1.118072e-05 1.565577e+01 2.996664e-01 4.066757e-03 1.446300e-01 1.641711e+00 1.202252e-01 5.561961e+01
