Vec Object: 1 MPI processes
  type: mpi
Process [0]
0.
0.
0.
0.
0.
0.
0.
0.
0.
0.
0.
0.
0.
0.
0.
0.
0.
0.
0.0626921
3.8097
0.
0.271116
3.87584
0.
0.278501
4.11084
0.
0.0746414
4.18993
0.
-0.0587361
4.00382
0.
0.0968966
3.80898
0.
0.226347
3.99785
0.
0.10088
4.18938
0.
-0.106113
4.11889
0.
-0.108575
3.88379
0.
-0.0968966
3.80898
0.
0.108575
3.88379
0.
0.106113
4.11889
0.
-0.10088
4.18938
0.
-0.226347
3.99785
0.
-0.0626921
3.8097
0.
0.0587361
4.00382
0.
-0.0746414
4.18993
0.
-0.278501
4.11084
0.
-0.271116
3.87584
0.
-0.0626921
-3.8097
0.
-0.271116
-3.87584
0.
-0.278501
-4.11084
0.
-0.0746414
-4.18993
0.
0.0587361
-4.00382
0.
-0.0968966
-3.80898
0.
-0.226347
-3.99785
0.
-0.10088
-4.18938
0.
0.106113
-4.11889
0.
0.108575
-3.88379
0.
0.0968966
-3.80898
0.
-0.108575
-3.88379
0.
-0.106113
-4.11889
0.
0.10088
-4.18938
0.
0.226347
-3.99785
0.
0.0626921
-3.8097
0.
-0.0587361
-4.00382
0.
0.0746414
-4.18993
0.
0.278501
-4.11084
0.
0.271116
-3.87584
0.
0.
0.
0.
0.
0.
0.
