Vec Object: 1 MPI processes
  type: mpi
Process [0]
0.119183
0.150505
0.0902367
-0.119183
-0.150506
0.090237
0.0480769
-0.136053
0.00496517
-0.0480772
0.136052
0.00496517
0.107409
0.16607
-0.0920853
-0.107409
-0.166071
-0.0920855
0.00213823
0.0122466
0.000563286
-0.0050002
0.0030969
-0.00268443
0.00711326
0.00399697
-0.00255573
-0.00152976
0.0143398
0.000719503
-0.000505322
0.00670352
0.00793879
-0.00267144
0.00785811
-0.00194758
0.000772303
0.000215296
0.00286058
0.00321844
0.00909084
-0.00245948
-0.00573278
0.00213934
-0.00211672
0.00477149
0.00138455
-0.00187808
0.00267152
0.00785862
-0.00194648
-0.00477138
0.00138504
-0.00187688
0.00573313
0.00214012
-0.00211579
-0.0032185
0.00909103
-0.002458
-0.000772296
0.000215706
0.00286164
-0.00213776
0.0122459
0.000562869
0.000504931
0.00670352
0.0079383
0.00152992
0.0143402
0.000718463
-0.00711297
0.00399633
-0.00255602
0.00500047
0.00309681
-0.00268482
-0.00213796
-0.0122463
0.000562825
0.00500014
-0.00309642
-0.00268478
-0.00711356
-0.00399676
-0.00255612
0.00152961
-0.0143398
0.000719013
0.000505492
-0.00670354
0.00793825
0.00267147
-0.00785844
-0.0019464
-0.000772421
-0.000215691
0.00286175
-0.00321856
-0.00909142
-0.00245837
0.00573288
-0.00213996
-0.00211563
-0.00477131
-0.00138498
-0.00187693
-0.00267147
-0.00785807
-0.00194759
0.00477135
-0.00138449
-0.00187801
-0.00573324
-0.00213961
-0.00211692
0.00321842
-0.00909068
-0.00245918
0.000772404
-0.000215305
0.00286049
0.00213793
-0.012246
0.000563423
-0.000505057
-0.00670352
0.00793881
-0.00153013
-0.0143404
0.000718849
0.00711293
-0.0039967
-0.00255566
-0.00500026
-0.00309712
-0.00268438
-1.53003e-07
4.13512e-07
0.00335313
4.24576e-08
1.34349e-08
-1.36799
