-1.000000e+00 1.000000e-01 1.877126e-21 0.000000e+00 0.000000e+00 -4.308158e-23 2.769530e-23 -6.151932e-08 2.003829e+00 1.984373e+00 -2.000000e+00 -1.570879e+00 6.363826e+00 4.111773e+00 9.389737e-01 1.130073e+00 9.385976e-01 1.982614e+22
-1.000000e+00 1.000000e-01 1.877126e-21 0.000000e+00 0.000000e+00 -4.308158e-23 2.769530e-23 -6.151932e-08 2.003829e+00 1.984373e+00 -2.000000e+00 -1.570879e+00 6.363826e+00 4.111773e+00 9.389737e-01 1.130073e+00 9.385976e-01 1.982614e+22
-1.000000e+00 1.000000e+00 -9.135697e-06 7.958531e-06 7.786078e-03 2.864407e-06 3.501747e-06 -1.135633e+00 -2.000000e+00 2.000000e+00 -3.894381e-08 1.109105e+00 1.439340e+00 2.723978e-10 2.590789e-01 4.683703e+00 1.544098e-01 3.128037e+02
-1.000000e+00 1.000000e+00 -9.135697e-06 7.958531e-06 7.786078e-03 2.864407e-06 3.501747e-06 -1.135633e+00 -2.000000e+00 2.000000e+00 -3.894381e-08 1.109105e+00 1.439340e+00 2.723978e-10 2.590789e-01 4.683703e+00 1.544098e-01 3.128037e+02
-1.000000e+00 1.000000e+00 -9.135697e-06 7.958531e-06 7.786078e-03 2.864407e-06 3.501747e-06 -1.135633e+00 -2.000000e+00 2.000000e+00 -3.894381e-08 1.109105e+00 1.439340e+00 2.723978e-10 2.590789e-01 4.683703e+00 1.544098e-01 3.128037e+02
-1.000000e+00 1.000000e+00 -9.135697e-06 7.958531e-06 7.786078e-03 2.864407e-06 3.501747e-06 -1.135633e+00 -2.000000e+00 2.000000e+00 -3.894381e-08 1.109105e+00 1.439340e+00 2.723978e-10 2.590789e-01 4.683703e+00 1.544098e-01 3.128037e+02
-1.000000e+00 1.000000e+00 8.164921e+01 -1.088414e+02 1.250000e+00 5.537039e+01 5.935769e+01 -3.909465e+02 nan nan nan nan nan nan 1.000000e+00 1.000000e+00 1.000000e+00 1.000000e+00
-1.000000e+00 1.000000e+00 -6.972509e-06 6.056466e-06 7.786101e-03 2.151380e-06 2.645810e-06 -1.135633e+00 -2.000000e+00 2.000000e+00 -3.416818e-08 1.093649e+00 1.436251e+00 2.388246e-10 2.590789e-01 4.683703e+00 1.544098e-01 3.128028e+02
-1.000000e+00 1.000000e+00 -6.093155e-06 5.897582e-06 5.747560e+01 2.418119e-06 2.487220e-06 -1.230974e+00 -2.000000e+00 2.000000e+00 -5.896934e-08 1.097341e+00 1.178539e+00 -7.114081e-08 1.324941e-01 4.642500e+00 1.538491e-01 4.223805e-02
-1.000000e+00 1.000000e+00 -6.972509e-06 6.056466e-06 7.786101e-03 2.151380e-06 2.645810e-06 -1.135633e+00 -2.000000e+00 2.000000e+00 -3.416818e-08 1.093649e+00 1.436251e+00 2.388246e-10 2.590789e-01 4.683703e+00 1.544098e-01 3.128028e+02
-1.000000e+00 1.000000e+00 -6.972509e-06 6.056466e-06 7.786101e-03 2.151380e-06 2.645810e-06 -1.135633e+00 -2.000000e+00 2.000000e+00 -3.416818e-08 1.093649e+00 1.436251e+00 2.388246e-10 2.590789e-01 4.683703e+00 1.544098e-01 3.128028e+02
-1.000000e+00 1.000000e+00 -6.928832e-06 6.014469e-06 7.786101e-03 2.134077e-06 2.627930e-06 -1.135633e+00 -2.000000e+00 2.000000e+00 -3.416940e-08 1.091716e+00 1.436031e+00 2.385027e-10 2.590789e-01 4.683703e+00 1.544098e-01 3.128028e+02
