1.000000e+00 1.000000e-04 -6.207643e-12 -2.027499e-12 -7.634171e-07 -4.904517e-20 -1.066213e-19 -2.547633e-14 1.475507e+00 1.005767e+00 1.313322e+00 1.339268e+00 8.799340e+00 4.389905e+00 3.114555e+04 1.302824e+09 3.974603e+09 2.732014e+04 1.557954e-02 1.328948e-02 1.345465e-02 4.193097e+05 1.557938e-02 1.328950e-02 1.345430e-02 4.193076e+05 1.558053e-02 1.328978e-02 1.345476e-02 4.007774e+05
2.000000e+00 1.519911e-04 -1.434046e-11 -4.683785e-12 -1.763592e-06 -2.617392e-19 -5.690046e-19 -1.359594e-13 1.475507e+00 1.005767e+00 1.313322e+00 1.339268e+00 8.799320e+00 4.389905e+00 1.348216e+04 5.639592e+08 1.720457e+09 1.182623e+04 1.557954e-02 1.328948e-02 1.345465e-02 1.815092e+05 1.557938e-02 1.328950e-02 1.345430e-02 1.815083e+05 1.558053e-02 1.328978e-02 1.345476e-02 1.734870e+05
3.000000e+00 2.310130e-04 -3.394858e-11 -1.107069e-11 -4.164416e-06 -1.430572e-18 -3.108617e-18 -7.416805e-13 1.361041e+00 2.000000e+00 1.313311e+00 7.364054e-01 4.819685e+00 4.389884e+00 5.706155e+03 2.384950e+08 7.285936e+08 5.002693e+03 1.557933e-02 1.328945e-02 1.345426e-02 7.686679e+04 1.557952e-02 1.328943e-02 1.345468e-02 7.686725e+04 1.558050e-02 1.328973e-02 1.345476e-02 7.346986e+04
4.000000e+00 3.511192e-04 -8.044200e-11 -2.622982e-11 -9.842685e-06 -7.816402e-18 -1.697159e-17 -4.049747e-12 1.432430e+00 1.185825e+00 1.313308e+00 1.215639e+00 8.474227e+00 4.389876e+00 2.413712e+03 1.007390e+08 3.075379e+08 2.115388e+03 1.557944e-02 1.328943e-02 1.345455e-02 3.252211e+04 1.557933e-02 1.328945e-02 1.345432e-02 3.252200e+04 1.558046e-02 1.328973e-02 1.345472e-02 3.108473e+04
5.000000e+00 5.336699e-04 -2.179408e-10 -7.070761e-11 -2.625498e-05 -4.851878e-17 -1.048652e-16 -2.496041e-11 1.600800e+00 1.513692e+00 1.313352e+00 1.360906e+00 8.297547e+00 4.389937e+00 9.071269e+02 3.725778e+07 1.138479e+08 7.950123e+02 1.557950e-02 1.328953e-02 1.345464e-02 1.219211e+04 1.557948e-02 1.328951e-02 1.345461e-02 1.219211e+04 1.558057e-02 1.328981e-02 1.345491e-02 1.165329e+04
6.000000e+00 8.111308e-04 1.634798e-06 5.578700e-07 1.770417e-01 8.005125e-13 1.618324e-12 3.892384e-07 1.261681e+00 1.525249e+00 1.219489e+00 1.013451e+00 1.076755e+01 4.337451e+00 1.520649e-01 5.441179e+03 1.553921e+04 1.344722e-01 1.557124e-02 1.328175e-02 1.344634e-02 1.807535e+00 1.557124e-02 1.328175e-02 1.344635e-02 1.807535e+00 1.557260e-02 1.328211e-02 1.344669e-02 1.727757e+00
7.000000e+00 1.232847e-03 1.611648e-05 5.498070e-06 1.744866e+00 1.822353e-11 3.670794e-11 8.858919e-06 -2.122601e-01 5.648834e-01 4.750428e-01 6.374547e-01 4.370178e+01 3.920966e+00 3.188509e-02 1.086679e+03 2.868694e+03 2.849880e-02 1.548623e-02 1.321372e-02 1.337471e-02 1.829296e-01 1.548624e-02 1.321372e-02 1.337472e-02 1.829298e-01 1.549075e-02 1.321514e-02 1.337607e-02 1.750114e-01
8.000000e+00 1.873817e-03 2.244368e-05 7.653669e-06 2.428290e+00 5.857379e-11 1.170526e-10 2.845857e-05 -9.402491e-01 9.966985e-02 1.925663e-01 3.305245e-01 6.194279e+01 3.762931e+00 2.815545e-02 9.042096e+02 1.866154e+03 2.519249e-02 1.544221e-02 1.318423e-02 1.334378e-02 1.313032e-01 1.544222e-02 1.318423e-02 1.334378e-02 1.313033e-01 1.544846e-02 1.318636e-02 1.334582e-02 1.256943e-01
9.000000e+00 2.848036e-03 2.505828e-05 8.538568e-06 2.707396e+00 1.507876e-10 2.962355e-10 7.317689e-05 -1.232368e+00 -1.311728e-01 8.349601e-02 3.226713e-01 6.778367e+01 3.701919e+00 2.716681e-02 6.979127e+02 9.724919e+02 2.432815e-02 1.542301e-02 1.317229e-02 1.333116e-02 1.177148e-01 1.542302e-02 1.317230e-02 1.333116e-02 1.177148e-01 1.543002e-02 1.317475e-02 1.333350e-02 1.127178e-01
1.000000e+01 4.328761e-03 2.629096e-05 8.944064e-06 2.832501e+00 3.640319e-10 6.900736e-10 1.762549e-04 -1.371152e+00 -2.056564e-01 3.570964e-02 2.859907e-01 7.436764e+01 3.675182e+00 2.680781e-02 4.067279e+02 4.420427e+02 2.399160e-02 1.541427e-02 1.316700e-02 1.332557e-02 1.124943e-01 1.541427e-02 1.316701e-02 1.332558e-02 1.124942e-01 1.542165e-02 1.316963e-02 1.332808e-02 1.077331e-01
1.100000e+01 6.579332e-03 2.703185e-05 9.159972e-06 2.892984e+00 8.567419e-10 1.485528e-09 4.125355e-04 -1.484007e+00 -5.697150e-01 1.285339e-02 3.091410e-01 7.989416e+01 3.662426e+00 2.665369e-02 1.926615e+02 1.944334e+02 2.384252e-02 1.540995e-02 1.316442e-02 1.332285e-02 1.101319e-01 1.540995e-02 1.316442e-02 1.332284e-02 1.101319e-01 1.541752e-02 1.316713e-02 1.332545e-02 1.054776e-01
1.200000e+01 1.000000e-02 2.763299e-05 9.280884e-06 2.913199e+00 1.981903e-09 2.709368e-09 9.422532e-04 -1.514728e+00 -7.219004e-01 5.259598e-03 2.449894e-01 9.092626e+01 3.658259e+00 2.659671e-02 8.615054e+01 8.559297e+01 2.380234e-02 1.540858e-02 1.316355e-02 1.332204e-02 1.093654e-01 1.540858e-02 1.316355e-02 1.332204e-02 1.093654e-01 1.541620e-02 1.316628e-02 1.332466e-02 1.047460e-01
1.300000e+01 1.519911e-02 2.882320e-05 9.485532e-06 2.926932e+00 4.543248e-09 1.992041e-09 2.086884e-03 -1.644529e+00 -8.427723e-01 1.074020e-04 1.622931e-01 9.428432e+01 3.655512e+00 2.656930e-02 3.920298e+01 3.881305e+01 2.377577e-02 1.540751e-02 1.316293e-02 1.332131e-02 1.088499e-01 1.540751e-02 1.316293e-02 1.332132e-02 1.088499e-01 1.541518e-02 1.316568e-02 1.332396e-02 1.042539e-01
1.400000e+01 2.310130e-02 1.099624e-02 3.163431e-03 2.615571e+00 -9.515766e-06 -8.945566e-04 -2.136505e+01 -2.000000e+00 -2.000000e+00 -4.949339e-05 4.358076e-01 5.074435e-01 7.769388e-01 3.429412e-02 3.336567e-02 3.345132e-02 4.361852e-02 1.541295e-02 1.316735e-02 1.332631e-02 1.088345e-01 1.541320e-02 1.316780e-02 1.332622e-02 1.088345e-01 1.561237e-02 1.338498e-02 1.354003e-02 1.047946e-01
1.500000e+01 3.511192e-02 1.621371e-02 4.283415e-03 2.555504e+00 -7.598608e-06 -1.071914e-03 -2.547004e+01 -2.000000e+00 -2.000000e+00 -1.089134e-05 3.135905e-01 1.841312e+00 1.434970e-01 3.441519e-02 3.326423e-02 3.335516e-02 5.034836e-02 1.541420e-02 1.316843e-02 1.332739e-02 1.088417e-01 1.541453e-02 1.316899e-02 1.332732e-02 1.088419e-01 1.570446e-02 1.348785e-02 1.364130e-02 1.050631e-01
1.600000e+01 5.336699e-02 6.935314e-03 2.959612e-03 2.544660e+00 -9.183520e-06 -1.084112e-03 -2.621112e+01 -2.000000e+00 -1.343113e+00 -9.847593e-07 1.086939e+00 -4.151293e+00 2.596319e-02 3.443190e-02 3.324947e-02 3.334358e-02 5.164422e-02 1.541442e-02 1.316855e-02 1.332762e-02 1.088433e-01 1.541474e-02 1.316913e-02 1.332754e-02 1.088431e-01 1.572338e-02 1.350887e-02 1.366215e-02 1.051189e-01
1.700000e+01 8.111308e-02 1.860739e-03 2.221292e-03 2.542721e+00 -5.396450e-05 -9.738906e-04 -2.634437e+01 -1.038220e+00 -4.813246e-01 -3.163543e-06 2.938393e+00 -6.848350e+00 4.724587e-03 3.443388e-02 3.324863e-02 3.333829e-02 5.187758e-02 1.541452e-02 1.316863e-02 1.332769e-02 1.088435e-01 1.541481e-02 1.316916e-02 1.332762e-02 1.088432e-01 1.572689e-02 1.351280e-02 1.366594e-02 1.051291e-01
1.800000e+01 1.232847e-01 3.027674e-04 2.383403e-03 2.542401e+00 -2.683859e-04 -5.565555e-04 -2.636757e+01 5.181954e-02 -1.309330e+00 -2.644101e-06 2.529695e+00 -6.798151e+00 1.022419e-03 3.443927e-02 3.325211e-02 3.334089e-02 5.194217e-02 1.541451e-02 1.316869e-02 1.332762e-02 1.088421e-01 1.541471e-02 1.316903e-02 1.332760e-02 1.088422e-01 1.572755e-02 1.351354e-02 1.366663e-02 1.051307e-01
1.900000e+01 1.873817e-01 -1.025322e-03 3.223104e-03 2.542312e+00 -6.082706e-04 2.248146e-05 -2.637285e+01 2.000000e+00 -2.000000e+00 6.222335e-06 -2.073496e+00 -1.609964e-01 1.811425e-04 3.443862e-02 3.325087e-02 3.333944e-02 5.195693e-02 1.541466e-02 1.316894e-02 1.332768e-02 1.088421e-01 1.541477e-02 1.316901e-02 1.332777e-02 1.088432e-01 1.572777e-02 1.351377e-02 1.366686e-02 1.051318e-01
2.000000e+01 2.848036e-01 -2.622942e-04 1.661833e-03 2.542360e+00 -6.005174e-04 -3.208745e-05 -2.637360e+01 2.000000e+00 -1.359533e+00 -2.192336e-06 -4.721977e-01 -7.578583e-01 6.058851e-05 3.444967e-02 3.325826e-02 3.334688e-02 5.201484e-02 1.541457e-02 1.316881e-02 1.332756e-02 1.088402e-01 1.541463e-02 1.316884e-02 1.332763e-02 1.088404e-01 1.572793e-02 1.351383e-02 1.366693e-02 1.051321e-01
2.100000e+01 4.328761e-01 2.946396e-04 1.424236e-03 2.542280e+00 -6.088800e-04 -5.121815e-05 -2.637390e+01 -2.000000e+00 3.250098e-01 -3.357371e-06 5.982687e-02 3.960667e-01 1.338523e-05 3.443420e-02 3.324779e-02 3.333615e-02 5.193821e-02 1.541457e-02 1.316890e-02 1.332747e-02 1.088434e-01 1.541462e-02 1.316892e-02 1.332754e-02 1.088435e-01 1.572758e-02 1.351367e-02 1.366660e-02 1.051318e-01
2.200000e+01 6.579332e-01 2.081360e-05 1.483254e-03 2.542227e+00 -6.327855e-04 -6.910705e-05 -2.637398e+01 -9.069510e-01 3.647092e-01 2.534334e-06 1.479569e+00 3.551519e-01 3.853379e-07 3.444129e-02 3.325732e-02 3.334484e-02 5.192132e-02 1.541460e-02 1.316889e-02 1.332760e-02 1.088451e-01 1.541467e-02 1.316898e-02 1.332763e-02 1.088454e-01 1.572778e-02 1.351392e-02 1.366692e-02 1.051327e-01
2.300000e+01 1.000000e+00 2.710972e-05 1.470281e-03 2.542240e+00 -6.073245e-04 -4.010282e-05 -2.637399e+01 -1.511461e-04 -3.448467e-03 6.477878e-06 -6.098759e-03 -2.811905e-03 4.476070e-07 3.444729e-02 3.326371e-02 3.335153e-02 5.192090e-02 1.541464e-02 1.316892e-02 1.332751e-02 1.088461e-01 1.541466e-02 1.316895e-02 1.332751e-02 1.088462e-01 1.572793e-02 1.351408e-02 1.366697e-02 1.051336e-01
2.400000e+01 1.519911e+00 2.737021e-05 1.470619e-03 2.542238e+00 -6.068766e-04 -4.039847e-05 -2.637399e+01 1.055858e-02 6.182698e-03 7.175881e-07 2.815946e-02 -1.393894e-02 1.341428e-07 3.444278e-02 3.325895e-02 3.334693e-02 5.191824e-02 1.541474e-02 1.316898e-02 1.332774e-02 1.088456e-01 1.541473e-02 1.316895e-02 1.332774e-02 1.088456e-01 1.572791e-02 1.351399e-02 1.366708e-02 1.051330e-01
2.500000e+01 2.310130e+00 2.697454e-05 1.470284e-03 2.542233e+00 -6.073356e-04 -4.007772e-05 -2.637399e+01 -3.325468e-03 1.128902e-03 -1.929754e-06 2.217915e-03 5.527237e-04 1.235945e-08 3.444237e-02 3.325870e-02 3.334667e-02 5.191591e-02 1.541475e-02 1.316900e-02 1.332777e-02 1.088455e-01 1.541471e-02 1.316897e-02 1.332770e-02 1.088455e-01 1.572789e-02 1.351400e-02 1.366707e-02 1.051327e-01
2.600000e+01 3.511192e+00 2.710495e-05 1.470550e-03 2.542238e+00 -6.071960e-04 -3.998148e-05 -2.637399e+01 1.767525e-03 3.691313e-03 3.202483e-08 -1.161432e-06 -2.719529e-05 2.758317e-09 3.444212e-02 3.325825e-02 3.334624e-02 5.191786e-02 1.541476e-02 1.316895e-02 1.332783e-02 1.088456e-01 1.541474e-02 1.316892e-02 1.332781e-02 1.088456e-01 1.572791e-02 1.351394e-02 1.366714e-02 1.051329e-01
2.700000e+01 5.336699e+00 2.775113e-05 1.471138e-03 2.542241e+00 -6.072578e-04 -3.954249e-05 -2.637399e+01 7.850566e-03 4.585815e-03 2.281831e-07 2.418884e-05 -8.439270e-05 1.634893e-10 3.444270e-02 3.325882e-02 3.334677e-02 5.191884e-02 1.541473e-02 1.316893e-02 1.332778e-02 1.088455e-01 1.541473e-02 1.316890e-02 1.332779e-02 1.088455e-01 1.572791e-02 1.351394e-02 1.366712e-02 1.051329e-01
2.800000e+01 8.111308e+00 2.860603e-05 1.471985e-03 2.542239e+00 -6.075302e-04 -3.913210e-05 -2.637399e+01 7.590205e-03 3.593555e-03 6.437852e-09 1.997920e-05 -2.967858e-05 1.094469e-10 3.444198e-02 3.325808e-02 3.334609e-02 5.191798e-02 1.541475e-02 1.316893e-02 1.332781e-02 1.088458e-01 1.541474e-02 1.316889e-02 1.332781e-02 1.088458e-01 1.572790e-02 1.351392e-02 1.366713e-02 1.051331e-01
2.900000e+01 1.232847e+01 2.322130e-05 1.473435e-03 2.542240e+00 -6.091328e-04 -4.158371e-05 -2.637399e+01 -7.896441e-03 2.894251e-03 3.115415e-08 2.580153e-05 9.818763e-06 2.461892e-11 3.444181e-02 3.325786e-02 3.334590e-02 5.191827e-02 1.541469e-02 1.316884e-02 1.332777e-02 1.088454e-01 1.541479e-02 1.316899e-02 1.332782e-02 1.088457e-01 1.572790e-02 1.351392e-02 1.366712e-02 1.051329e-01
3.000000e+01 1.873817e+01 2.629052e-05 1.470862e-03 2.542238e+00 -6.074894e-04 -4.028645e-05 -2.637399e+01 -7.542963e-04 2.734994e-04 -1.410924e-08 7.760198e-07 3.715951e-07 2.169081e-13 3.444266e-02 3.325884e-02 3.334679e-02 5.191814e-02 1.541474e-02 1.316896e-02 1.332775e-02 1.088458e-01 1.541471e-02 1.316893e-02 1.332770e-02 1.088458e-01 1.572790e-02 1.351397e-02 1.366706e-02 1.051331e-01
3.100000e+01 2.848036e+01 2.598251e-05 1.470162e-03 2.542238e+00 -6.074930e-04 -4.046266e-05 -2.637399e+01 -4.804289e-04 -9.124664e-06 -5.919497e-09 1.463760e-07 1.169221e-07 7.561882e-14 3.444263e-02 3.325880e-02 3.334675e-02 5.191818e-02 1.541478e-02 1.316899e-02 1.332779e-02 1.088459e-01 1.541467e-02 1.316890e-02 1.332765e-02 1.088457e-01 1.572790e-02 1.351397e-02 1.366706e-02 1.051331e-01
3.200000e+01 4.328761e+01 3.006967e-05 1.474733e-03 2.542239e+00 -6.093837e-04 -3.842184e-05 -2.637399e+01 4.637346e-04 3.513173e-04 -1.323296e-09 1.946848e-07 -6.070360e-08 -1.814806e-14 3.444271e-02 3.325888e-02 3.334684e-02 5.191824e-02 1.541470e-02 1.316893e-02 1.332768e-02 1.088457e-01 1.541475e-02 1.316897e-02 1.332773e-02 1.088459e-01 1.572790e-02 1.351398e-02 1.366705e-02 1.051331e-01
3.300000e+01 6.579332e+01 2.901946e-05 1.475893e-03 2.542239e+00 -6.098881e-04 -3.880397e-05 -2.637399e+01 1.239407e-04 1.902324e-04 -4.328993e-10 4.587128e-08 -8.214213e-09 -1.005594e-14 3.444273e-02 3.325890e-02 3.334686e-02 5.191826e-02 1.541470e-02 1.316893e-02 1.332768e-02 1.088457e-01 1.541475e-02 1.316898e-02 1.332773e-02 1.088459e-01 1.572790e-02 1.351398e-02 1.366705e-02 1.051331e-01
3.400000e+01 1.000000e+02 2.844350e-05 1.476308e-03 2.542239e+00 -6.100501e-04 -3.902266e-05 -2.637399e+01 3.571234e-05 8.823891e-05 -1.656653e-10 7.416143e-09 -1.162070e-09 2.659359e-14 3.444273e-02 3.325890e-02 3.334686e-02 5.191827e-02 1.541469e-02 1.316893e-02 1.332768e-02 1.088457e-01 1.541475e-02 1.316898e-02 1.332773e-02 1.088459e-01 1.572790e-02 1.351398e-02 1.366705e-02 1.051331e-01
3.500000e+01 1.519911e+02 2.817811e-05 1.476476e-03 2.542239e+00 -6.101120e-04 -3.912421e-05 -2.637399e+01 1.189102e-05 3.922898e-05 -6.778966e-11 1.710067e-09 -1.307665e-10 6.508173e-15 3.444274e-02 3.325890e-02 3.334687e-02 5.191827e-02 1.541469e-02 1.316892e-02 1.332768e-02 1.088457e-01 1.541475e-02 1.316898e-02 1.332773e-02 1.088459e-01 1.572790e-02 1.351398e-02 1.366705e-02 1.051331e-01
3.600000e+01 2.310130e+02 2.805868e-05 1.476547e-03 2.542239e+00 -6.101375e-04 -3.917009e-05 -2.637399e+01 4.451288e-06 1.716986e-05 -2.871275e-11 3.895348e-10 -1.760040e-10 4.201924e-15 3.444274e-02 3.325891e-02 3.334687e-02 5.191827e-02 1.541469e-02 1.316892e-02 1.332768e-02 1.088457e-01 1.541475e-02 1.316899e-02 1.332773e-02 1.088459e-01 1.572790e-02 1.351398e-02 1.366705e-02 1.051331e-01
3.700000e+01 3.511192e+02 2.799402e-05 1.476578e-03 2.542239e+00 -6.101492e-04 -3.919612e-05 -2.637399e+01 1.738169e-06 7.468883e-06 -1.264480e-11 -2.332207e-10 3.753785e-11 -1.604883e-15 3.444274e-02 3.325891e-02 3.334687e-02 5.191827e-02 1.541469e-02 1.316892e-02 1.332768e-02 1.088457e-01 1.541475e-02 1.316899e-02 1.332773e-02 1.088459e-01 1.572790e-02 1.351398e-02 1.366705e-02 1.051331e-01
3.800000e+01 5.336699e+02 2.789472e-05 1.476592e-03 2.542239e+00 -6.101593e-04 -3.923899e-05 -2.637399e+01 5.631540e-07 3.235941e-06 -4.883470e-12 -3.169787e-10 -2.636019e-10 3.787743e-14 3.444274e-02 3.325890e-02 3.334687e-02 5.191828e-02 1.541469e-02 1.316892e-02 1.332768e-02 1.088457e-01 1.541475e-02 1.316899e-02 1.332773e-02 1.088459e-01 1.572790e-02 1.351398e-02 1.366705e-02 1.051331e-01
3.900000e+01 8.111308e+02 2.819131e-05 1.476626e-03 2.542238e+00 -6.101525e-04 -3.910858e-05 -2.637399e+01 5.148838e-07 1.417713e-06 -5.139417e-12 -1.407871e-10 -3.232623e-10 3.932873e-14 3.444273e-02 3.325891e-02 3.334687e-02 5.191813e-02 1.541469e-02 1.316893e-02 1.332767e-02 1.088457e-01 1.541475e-02 1.316898e-02 1.332773e-02 1.088460e-01 1.572790e-02 1.351398e-02 1.366705e-02 1.051332e-01
4.000000e+01 1.232847e+03 2.796834e-05 1.476562e-03 2.542239e+00 -6.101435e-04 -3.920235e-05 -2.637399e+01 1.336195e-07 6.023950e-07 1.012636e-13 4.488008e-10 6.331273e-10 -2.743660e-14 3.444274e-02 3.325890e-02 3.334686e-02 5.191840e-02 1.541469e-02 1.316892e-02 1.332768e-02 1.088456e-01 1.541475e-02 1.316898e-02 1.332773e-02 1.088459e-01 1.572790e-02 1.351398e-02 1.366705e-02 1.051331e-01
4.100000e+01 1.873817e+03 2.786601e-05 1.476146e-03 2.542246e+00 -6.100100e-04 -3.920457e-05 -2.637400e+01 -9.994407e-08 2.385737e-07 6.036857e-12 5.818834e-10 1.256213e-10 7.289272e-15 3.444268e-02 3.325872e-02 3.334664e-02 5.192007e-02 1.541469e-02 1.316890e-02 1.332770e-02 1.088453e-01 1.541474e-02 1.316896e-02 1.332772e-02 1.088456e-01 1.572789e-02 1.351395e-02 1.366705e-02 1.051329e-01
4.200000e+01 2.848036e+03 2.851694e-05 1.469776e-03 2.542137e+00 -6.066424e-04 -3.995617e-05 -2.637393e+01 2.161257e-06 2.814738e-08 -2.614734e-11 1.430132e-10 -4.999863e-10 1.378968e-14 3.443761e-02 3.325579e-02 3.334072e-02 5.190754e-02 1.541472e-02 1.316907e-02 1.332759e-02 1.088501e-01 1.541487e-02 1.316916e-02 1.332785e-02 1.088499e-01 1.572785e-02 1.351406e-02 1.366691e-02 1.051367e-01
4.300000e+01 4.328761e+03 3.723615e-05 1.447653e-03 2.543085e+00 -5.976716e-04 -3.261256e-05 -2.637439e+01 -8.414215e-06 -1.038118e-07 7.045596e-11 -4.440770e-10 -4.828894e-10 8.092160e-14 3.446461e-02 3.326479e-02 3.334677e-02 5.217036e-02 1.541412e-02 1.316766e-02 1.332770e-02 1.088088e-01 1.541394e-02 1.316701e-02 1.332768e-02 1.088114e-01 1.572774e-02 1.351257e-02 1.366704e-02 1.051102e-01
4.400000e+01 6.579332e+03 1.120084e-04 1.510936e-03 2.543011e+00 -6.515113e-04 -1.912554e-05 -2.637410e+01 1.290509e-06 -1.923541e-06 1.524096e-11 4.681935e-10 -6.484221e-10 -6.176070e-14 3.442680e-02 3.322084e-02 3.330545e-02 5.218958e-02 1.541899e-02 1.317193e-02 1.333283e-02 1.088345e-01 1.541707e-02 1.317044e-02 1.332802e-02 1.088554e-01 1.573076e-02 1.351521e-02 1.366869e-02 1.051440e-01
4.500000e+01 1.000000e+04 -9.170467e-04 1.426090e-03 2.552916e+00 -4.771453e-04 -3.891791e-04 -2.638312e+01 -9.024920e-05 3.631670e-05 2.865581e-10 4.685844e-10 5.296423e-10 3.142155e-14 3.543976e-02 3.411218e-02 3.417254e-02 5.483487e-02 1.536604e-02 1.311549e-02 1.326307e-02 1.084425e-01 1.539228e-02 1.315146e-02 1.330865e-02 1.082130e-01 1.571659e-02 1.350108e-02 1.364699e-02 1.047725e-01
