1.000000e+00 1.000000e-04 5.279233e-10 -1.809253e-04 1.507713e-04 -1.720250e-11 -1.649248e-11 -1.979098e-11 -1.064934e+00 1.181718e+00 -1.181717e+00 2.131635e+07 1.077009e+01 1.550892e+01 1.078309e-05 1.101472e-05 1.094945e-05 1.018571e-05 6.104373e-01 1.770073e+05 4.950851e-01 4.140557e-01 1.119155e-05 1.143577e-05 1.140991e-05 1.050078e-05
2.000000e+00 1.519911e-04 1.228826e-09 -4.215708e-04 3.513096e-04 -9.260252e-11 -8.878149e-11 -1.065378e-10 -9.171465e-02 1.181809e+00 -1.181808e+00 1.303171e+07 1.076971e+01 1.550838e+01 8.592119e-06 9.070184e-06 8.632697e-06 7.735975e-06 3.062440e-01 8.872341e+04 2.514912e-01 2.013066e-01 9.278449e-06 9.758886e-06 9.431182e-06 8.258920e-06
3.000000e+00 2.310130e-04 2.655211e-09 -2.391968e-03 1.993308e-03 -1.214110e-09 -1.164079e-09 -1.396895e-09 -1.751758e-01 1.182557e+00 -1.182558e+00 1.010919e+07 1.076665e+01 1.550399e+01 1.444001e-05 1.473523e-05 1.457135e-05 1.379195e-05 1.543857e-01 1.005995e+05 1.213362e-01 1.125044e-01 1.757455e-05 1.792921e-05 1.790010e-05 1.656274e-05
4.000000e+00 3.511192e-04 5.831891e-09 -2.735359e-02 2.279466e-02 -3.207383e-08 -3.075208e-08 -3.690250e-08 6.459480e-01 1.192028e+00 -1.192039e+00 2.198475e+06 1.072801e+01 1.544839e+01 8.978443e-05 9.358311e-05 9.043886e-05 8.264065e-05 8.291717e-02 4.537438e+04 6.506372e-02 6.049111e-02 1.088424e-04 1.126926e-04 1.106509e-04 1.000461e-04
5.000000e+00 5.336699e-04 3.611865e-08 -2.892892e-01 2.410743e-01 -7.823308e-07 -7.498188e-07 -8.997825e-07 4.222365e-01 1.289835e+00 -1.289805e+00 3.056346e+05 1.032994e+01 1.487478e+01 2.948444e-04 3.113790e-04 3.012907e-04 2.577053e-04 2.342488e-02 5.603459e+03 1.864283e-02 1.671937e-02 3.474443e-04 3.633935e-04 3.578891e-04 3.058951e-04
6.000000e+00 8.111308e-04 -9.234866e-08 -2.932392e-01 2.443660e-01 -1.855085e-06 -1.782890e-06 -2.139467e-06 -9.722980e-01 1.291307e+00 -1.291269e+00 6.811215e+05 1.032404e+01 1.486644e+01 4.588011e-04 4.849798e-04 4.575062e-04 4.169031e-04 3.918414e-02 3.998069e+03 3.132409e-02 2.770680e-02 5.546486e-04 5.798664e-04 5.635097e-04 5.004482e-04
7.000000e+00 1.232847e-03 -3.879044e-07 2.636324e+00 -2.196937e+00 3.756084e-05 3.589673e-05 4.307608e-05 -2.609929e-01 -8.314027e-03 8.352804e-03 2.450455e+05 1.561842e+01 2.249097e+01 4.207169e-04 4.506952e-04 4.335387e-04 3.499114e-04 3.567526e-03 1.630711e+02 2.820501e-03 2.560007e-03 4.906359e-04 5.207415e-04 5.063102e-04 4.168387e-04
8.000000e+00 1.873817e-03 -3.605271e-07 2.627236e+00 -2.189363e+00 8.424383e-05 8.003352e-05 9.604022e-05 -2.356530e-01 -3.539326e-03 3.553522e-03 5.031192e+05 1.559979e+01 2.246377e+01 1.836308e-04 1.984737e-04 1.899093e-04 1.480421e-04 1.579723e-03 3.206510e+01 1.256287e-03 1.136778e-03 2.147928e-04 2.290616e-04 2.226094e-04 1.788450e-04
9.000000e+00 2.848036e-03 -4.428656e-08 2.648641e+00 -2.207200e+00 2.059521e-04 1.978069e-04 2.373683e-04 -4.777604e-01 -1.520124e-02 1.520648e-02 9.819418e+05 1.564947e+01 2.253530e+01 1.238277e-04 1.298498e-04 1.248426e-04 1.124660e-04 1.073250e-03 8.921067e+00 8.504131e-04 7.715846e-04 1.454667e-04 1.518034e-04 1.479106e-04 1.316953e-04
1.000000e+01 4.328761e-03 -5.645487e-07 2.625035e+00 -2.187528e+00 3.870738e-04 3.540378e-04 4.248454e-04 -1.723148e+00 -2.796236e-03 2.799878e-03 4.630760e+06 1.560178e+01 2.246658e+01 3.625300e-05 3.864570e-05 3.738702e-05 3.048015e-05 2.882216e-04 1.327890e+00 2.286507e-04 2.064952e-04 4.154881e-05 4.395851e-05 4.292474e-05 3.548813e-05
1.100000e+01 6.579332e-03 -1.884263e-06 2.639972e+00 -2.199976e+00 4.615079e-04 3.099971e-04 3.719965e-04 -2.000000e+00 -1.072005e-02 1.072908e-02 2.624864e+06 1.563324e+01 2.251192e+01 9.082501e-05 9.487297e-05 9.220213e-05 8.222781e-05 7.125127e-04 3.722620e+00 5.628604e-04 5.267026e-04 1.038951e-04 1.079132e-04 1.059526e-04 9.449304e-05
1.200000e+01 1.000000e-02 -1.542931e-04 3.458850e+00 -2.882223e+00 -2.407929e-01 -2.824205e-01 -3.389046e-01 1.230449e-01 -8.565349e-03 8.473937e-03 5.246506e+04 1.151474e+01 1.658091e+01 7.848446e-04 8.237741e-04 7.962959e-04 7.042940e-04 8.862572e-03 4.380028e-02 7.056421e-03 6.409297e-03 9.509561e-04 9.928518e-04 9.714266e-04 8.534522e-04
1.300000e+01 1.519911e-02 -2.093775e-03 1.267373e+01 -1.055219e+01 -2.964643e+00 -3.468347e+00 -4.162022e+00 2.000000e+00 -1.110724e-03 -3.617684e-04 1.467400e+04 2.789232e-01 4.058141e-01 1.514043e-03 1.648120e-03 1.533170e-03 1.270977e-03 5.820042e-03 6.672090e-03 5.433286e-03 5.345592e-03 1.823864e-03 1.959138e-03 1.827173e-03 1.610322e-03
1.400000e+01 2.310130e-02 2.815090e+00 1.565806e+01 -1.236190e+01 -3.784055e+00 -4.381981e+00 -5.259434e+00 -2.000000e+00 -3.731319e-02 -5.115147e-02 1.138658e+01 -6.411363e-01 -6.587793e-01 7.573191e-04 8.155843e-04 7.327614e-04 7.048716e-04 2.321894e-03 2.638248e-03 2.371664e-03 1.863457e-03 9.272573e-04 9.990688e-04 9.165032e-04 8.362727e-04
1.500000e+01 3.511192e-02 -1.442381e-03 1.556572e+01 -1.297045e+01 -3.083483e+00 -4.462654e+00 -5.355186e+00 2.000000e+00 -2.152777e-03 2.041865e-03 2.953814e+04 -5.895132e-01 -8.485583e-01 1.244085e-03 1.256100e-03 1.194067e-03 1.291768e-03 5.407663e-03 6.407822e-03 5.340547e-03 4.258817e-03 1.747932e-03 1.836979e-03 1.749444e-03 1.621578e-03
1.600000e+01 5.336699e-02 1.228181e-04 1.347149e+01 -1.122630e+01 -8.816878e+00 -3.746623e+00 -4.495949e+00 -2.000000e+00 -9.278645e-07 7.073352e-06 1.630029e+02 -6.765985e-04 -1.005224e-03 1.392081e-04 1.477569e-04 1.375806e-04 1.272099e-04 3.436693e-04 5.987098e-04 3.098951e-04 2.475448e-04 1.669165e-04 1.801405e-04 1.656556e-04 1.483827e-04
1.700000e+01 8.111308e-02 1.306632e-05 1.346974e+01 -1.122478e+01 -8.818591e+00 -3.746009e+00 -4.495211e+00 -1.657151e+00 -1.103052e-06 1.374595e-06 2.453077e+02 -8.961139e-05 -1.303025e-04 1.172964e-05 1.176787e-05 1.182383e-05 1.154137e-05 1.445617e-05 2.428662e-05 1.308135e-05 1.105583e-05 1.198829e-05 1.235782e-05 1.196918e-05 1.147969e-05
1.800000e+01 1.232847e-01 -2.219215e-06 1.346950e+01 -1.122458e+01 -8.819078e+00 -3.745926e+00 -4.495113e+00 2.883903e-01 -3.672543e-07 8.477936e-07 5.008294e+01 -1.343472e-05 -2.042529e-05 1.198251e-05 1.259614e-05 1.187323e-05 1.112239e-05 1.810397e-05 3.070893e-05 1.533819e-05 1.492915e-05 1.262560e-05 1.354237e-05 1.230390e-05 1.168516e-05
1.900000e+01 1.873817e-01 -4.250365e-06 1.346945e+01 -1.122454e+01 -8.819160e+00 -3.745911e+00 -4.495095e+00 3.940070e-01 4.034367e-07 2.490309e-07 3.968797e+00 -8.904276e-07 -1.901804e-06 1.224790e-05 1.244354e-05 1.224697e-05 1.193950e-05 1.505590e-05 2.544295e-05 1.259876e-05 1.266037e-05 1.251395e-05 1.305263e-05 1.228632e-05 1.203523e-05
2.000000e+01 2.848036e-01 -4.013240e-06 1.346944e+01 -1.122455e+01 -8.819160e+00 -3.745914e+00 -4.495090e+00 1.145683e-01 2.991404e-08 2.708496e-07 2.829238e+00 -3.031354e-06 3.730943e-06 1.235684e-05 1.250916e-05 1.238423e-05 1.207912e-05 1.470359e-05 2.475193e-05 1.237246e-05 1.235235e-05 1.257570e-05 1.307146e-05 1.238293e-05 1.211483e-05
2.100000e+01 4.328761e-01 -3.525150e-06 1.346945e+01 -1.122453e+01 -8.819169e+00 -3.745909e+00 -4.495094e+00 6.869637e-02 -2.770546e-08 -1.602056e-07 -2.027971e+00 4.235057e-07 6.299982e-08 1.227127e-05 1.244080e-05 1.229182e-05 1.197531e-05 1.495536e-05 2.536403e-05 1.247666e-05 1.255606e-05 1.252451e-05 1.304525e-05 1.231237e-05 1.205205e-05
2.200000e+01 6.579332e-01 -1.695459e-06 1.346945e+01 -1.122453e+01 -8.819166e+00 -3.745908e+00 -4.495095e+00 -2.960248e-01 -3.603369e-07 -6.338340e-07 -1.220770e-02 3.072146e-07 -2.300164e-07 1.243936e-05 1.258231e-05 1.248386e-05 1.215307e-05 1.456224e-05 2.464807e-05 1.216786e-05 1.223830e-05 1.263578e-05 1.313313e-05 1.244936e-05 1.216413e-05
2.300000e+01 1.000000e+00 -2.919700e-06 1.346945e+01 -1.122453e+01 -8.819166e+00 -3.745909e+00 -4.495094e+00 -1.450658e-01 -1.707894e-07 -2.756292e-07 -1.058365e-03 5.313432e-08 -4.217890e-08 1.239153e-05 1.254263e-05 1.242868e-05 1.210233e-05 1.462585e-05 2.472938e-05 1.221712e-05 1.231410e-05 1.259909e-05 1.310115e-05 1.240549e-05 1.212994e-05
2.400000e+01 1.519911e+00 -3.504041e-06 1.346945e+01 -1.122453e+01 -8.819166e+00 -3.745910e+00 -4.495094e+00 -6.370834e-02 -7.305357e-08 -1.147061e-07 -7.593991e-05 9.280110e-09 -7.362929e-09 1.235447e-05 1.251191e-05 1.238504e-05 1.206415e-05 1.467047e-05 2.477650e-05 1.225418e-05 1.237119e-05 1.257025e-05 1.307548e-05 1.237065e-05 1.210433e-05
2.500000e+01 2.310130e+00 -3.754958e-06 1.346945e+01 -1.122453e+01 -8.819166e+00 -3.745910e+00 -4.495094e+00 -2.883527e-02 -3.171220e-08 -4.909810e-08 -3.923544e-06 1.663878e-09 -1.346882e-09 1.233149e-05 1.249326e-05 1.235814e-05 1.203961e-05 1.470980e-05 2.483023e-05 1.228972e-05 1.241000e-05 1.255355e-05 1.306141e-05 1.235060e-05 1.208819e-05
2.600000e+01 3.511192e+00 -3.835647e-06 1.346945e+01 -1.122453e+01 -8.819166e+00 -3.745910e+00 -4.495094e+00 -1.197160e-02 -1.333923e-08 -2.080546e-08 5.726842e-07 3.077375e-10 -2.401592e-10 1.232500e-05 1.248770e-05 1.234983e-05 1.203415e-05 1.470275e-05 2.481320e-05 1.228565e-05 1.240551e-05 1.254702e-05 1.305524e-05 1.234276e-05 1.208286e-05
2.700000e+01 5.336699e+00 -3.818834e-06 1.346945e+01 -1.122453e+01 -8.819166e+00 -3.745910e+00 -4.495094e+00 -4.613190e-03 -5.324314e-09 -8.616003e-09 3.227973e-07 5.743503e-11 -3.981170e-11 1.230431e-05 1.247143e-05 1.232818e-05 1.200766e-05 1.480136e-05 2.497279e-05 1.236359e-05 1.249832e-05 1.253842e-05 1.304978e-05 1.233210e-05 1.207229e-05
2.800000e+01 8.111308e+00 -3.577453e-06 1.346945e+01 -1.122453e+01 -8.819166e+00 -3.745910e+00 -4.495094e+00 1.569024e-03 2.019459e-09 2.915962e-09 -1.051700e-07 -9.452509e-12 9.631579e-12 1.253463e-05 1.267771e-05 1.260735e-05 1.220902e-05 1.490209e-05 2.526228e-05 1.242426e-05 1.252806e-05 1.275532e-05 1.325818e-05 1.258726e-05 1.225078e-05
2.900000e+01 1.232847e+01 1.528766e-06 1.346944e+01 -1.122453e+01 -8.819163e+00 -3.745909e+00 -4.495091e+00 -2.043064e-03 3.994428e-10 1.876313e-09 -8.339758e-08 -3.224182e-12 -1.187789e-12 1.681647e-05 1.744770e-05 1.688160e-05 1.569398e-05 2.918468e-05 4.699245e-05 2.410054e-05 2.637973e-05 1.821214e-05 1.909069e-05 1.782303e-05 1.744967e-05
3.000000e+01 1.873817e+01 1.196752e-06 1.346944e+01 -1.122453e+01 -8.819172e+00 -3.745910e+00 -4.495094e+00 -5.759053e-03 -7.313522e-10 3.900029e-10 3.483820e-06 -1.892684e-12 3.376895e-12 3.306078e-05 3.232200e-05 3.313291e-05 3.408047e-05 6.025991e-05 9.986855e-05 5.030864e-05 5.210995e-05 3.620937e-05 3.641784e-05 3.544095e-05 3.691352e-05
3.100000e+01 2.848036e+01 -1.217928e-06 1.346944e+01 -1.122453e+01 -8.819166e+00 -3.745910e+00 -4.495093e+00 -9.710081e-04 -3.349931e-10 -4.030558e-10 7.765927e-08 1.656230e-14 -1.033164e-13 1.796824e-05 1.742522e-05 1.790436e-05 1.886121e-05 2.758562e-05 4.475127e-05 2.323248e-05 2.425291e-05 1.898692e-05 1.890005e-05 1.856802e-05 1.964261e-05
3.200000e+01 4.328761e+01 -9.319401e-07 1.346945e+01 -1.122454e+01 -8.819165e+00 -3.745910e+00 -4.495094e+00 7.755613e-05 1.072098e-10 4.644122e-11 1.766322e-08 8.589375e-15 -3.828536e-15 2.539705e-05 2.671912e-05 2.540043e-05 2.319363e-05 4.472140e-05 7.391621e-05 3.774662e-05 3.835363e-05 2.759421e-05 2.938840e-05 2.704217e-05 2.566534e-05
3.300000e+01 6.579332e+01 1.925660e-06 1.346945e+01 -1.122454e+01 -8.819165e+00 -3.745910e+00 -4.495094e+00 2.782122e-05 1.262105e-10 1.792294e-10 1.425852e-09 1.630494e-14 -4.370229e-15 3.183865e-05 3.396317e-05 3.138419e-05 2.890759e-05 4.537165e-05 7.464853e-05 3.914281e-05 3.817941e-05 3.321872e-05 3.595599e-05 3.233259e-05 3.026808e-05
3.400000e+01 1.000000e+02 -3.576571e-07 1.346944e+01 -1.122453e+01 -8.819165e+00 -3.745908e+00 -4.495089e+00 2.213286e-05 9.318972e-12 3.578502e-12 2.272448e-09 8.541089e-16 -4.347621e-15 4.363088e-05 4.334262e-05 4.359377e-05 4.412354e-05 4.531062e-05 7.282878e-05 3.855034e-05 3.983644e-05 4.377774e-05 4.457121e-05 4.306582e-05 4.359243e-05
3.500000e+01 1.519911e+02 -8.505271e-06 1.346945e+01 -1.122453e+01 -8.819171e+00 -3.745908e+00 -4.495094e+00 -1.264440e-05 3.350022e-11 -2.762411e-11 6.539261e-10 4.588443e-15 7.743044e-16 5.389187e-05 5.528658e-05 5.348261e-05 5.222484e-05 5.063078e-05 8.119816e-05 4.266151e-05 4.507297e-05 5.361944e-05 5.628605e-05 5.239748e-05 5.135532e-05
3.600000e+01 2.310130e+02 1.218427e-05 1.346947e+01 -1.122452e+01 -8.819164e+00 -3.745907e+00 -4.495099e+00 6.127438e-05 -2.188058e-12 4.271714e-11 5.696357e-09 -1.010566e-14 8.587000e-16 9.712079e-05 1.002398e-04 9.614086e-05 9.345119e-05 8.106234e-05 1.379039e-04 6.824966e-05 6.705995e-05 9.584665e-05 1.016408e-04 9.347042e-05 9.047016e-05
3.700000e+01 3.511192e+02 -3.086500e-05 1.346943e+01 -1.122454e+01 -8.819198e+00 -3.745913e+00 -4.495090e+00 -4.407991e-06 9.548847e-12 -5.220720e-11 -5.104430e-10 8.952273e-15 1.741255e-15 1.532483e-04 1.583020e-04 1.517397e-04 1.471858e-04 1.338657e-04 2.169505e-04 1.116463e-04 1.189950e-04 1.516801e-04 1.604789e-04 1.478470e-04 1.438487e-04
3.800000e+01 5.336699e+02 -3.080010e-05 1.346938e+01 -1.122453e+01 -8.819284e+00 -3.745874e+00 -4.495071e+00 1.269810e-06 3.225049e-11 -5.636024e-11 1.632784e-10 1.042197e-14 1.352540e-14 4.409371e-04 4.533958e-04 4.358755e-04 4.279351e-04 4.062101e-04 7.027360e-04 3.211728e-04 3.506256e-04 4.380612e-04 4.633112e-04 4.247325e-04 4.187338e-04
3.900000e+01 8.111308e+02 -2.289481e-04 1.346934e+01 -1.122450e+01 -8.819326e+00 -3.745894e+00 -4.495079e+00 -1.175953e-06 -1.640966e-11 -9.144832e-12 -7.060075e-11 -7.583707e-16 -9.089510e-16 3.894964e-04 4.011355e-04 3.858170e-04 3.758756e-04 3.603282e-04 5.375682e-04 3.443331e-04 2.974556e-04 3.870764e-04 4.061378e-04 3.814572e-04 3.666716e-04
4.000000e+01 1.232847e+03 -4.626946e-05 1.346895e+01 -1.122409e+01 -8.819373e+00 -3.745931e+00 -4.495029e+00 -2.811203e-07 -6.293127e-12 -7.920386e-11 -7.114065e-12 -1.552234e-15 -8.903619e-16 9.899471e-04 1.034662e-03 9.761530e-04 9.360354e-04 1.056691e-03 1.962391e-03 8.217791e-04 8.274126e-04 9.958582e-04 1.076196e-03 9.603237e-04 9.226961e-04
4.100000e+01 1.873817e+03 1.028119e-04 1.346795e+01 -1.122143e+01 -8.819567e+00 -3.745832e+00 -4.495282e+00 -2.470448e-07 9.250534e-11 -7.657041e-11 -3.607964e-12 -4.862517e-15 2.235976e-16 2.040696e-03 2.063994e-03 1.977294e-03 2.087914e-03 4.962645e-03 9.479920e-03 3.745575e-03 3.795136e-03 2.433766e-03 2.638098e-03 2.242216e-03 2.379016e-03
4.200000e+01 2.848036e+03 -4.011403e-05 1.344320e+01 -1.121296e+01 -8.822482e+00 -3.748227e+00 -4.497641e+00 -8.023958e-07 9.755174e-10 -9.888405e-10 4.072681e-12 1.614551e-15 -8.509670e-15 6.015146e-03 4.275598e-03 7.178476e-03 6.578110e-03 3.460823e-02 5.972254e-02 3.019923e-02 2.675883e-02 1.167333e-02 1.141530e-02 1.212046e-02 1.142559e-02
4.300000e+01 4.328761e+03 1.149225e-02 1.351079e+01 -1.125213e+01 -8.817989e+00 -3.737920e+00 -4.484453e+00 1.990190e-07 -1.281653e-09 1.330614e-09 -1.156729e-13 -9.702319e-15 -1.423393e-14 1.039092e-02 7.814770e-03 1.232227e-02 1.102488e-02 8.565596e-02 8.588789e-02 9.047907e-02 7.981232e-02 2.693179e-02 1.704853e-02 3.213285e-02 3.043372e-02
4.400000e+01 6.579332e+03 8.083825e-02 1.341040e+01 -1.120548e+01 -8.778348e+00 -3.763690e+00 -4.511303e+00 -3.292196e-06 5.140277e-09 -5.073206e-09 1.416302e-12 1.948482e-14 -4.507042e-15 2.305377e-02 1.792697e-02 2.780071e-02 2.306679e-02 2.026757e-01 2.477565e-01 2.067181e-01 1.796108e-01 6.347099e-02 4.757841e-02 7.368198e-02 6.812853e-02
4.500000e+01 1.000000e+04 -6.333129e-03 1.351141e+01 -1.126646e+01 -8.828149e+00 -3.750573e+00 -4.496468e+00 3.244316e-06 -3.554742e-09 3.357916e-09 -2.773573e-11 2.044966e-15 -2.148830e-15 2.921240e-02 2.818601e-02 2.839947e-02 3.174508e-02 8.761031e-02 5.638963e-02 9.563669e-02 8.690178e-02 3.793670e-02 2.949194e-02 4.154416e-02 4.306284e-02
